10135.72
10460.49
10986.42
11204.44
11289.86
11361.75
12072.61
12451.80
12863.36
1318.64
13335.16
13470.93
1456.66
1483.00
14893.90
15020.66
15090.73
15149.70
15188.97
15770.36
15799.77
16154.47
16232.35
16668.55
16903.31
17035.59
17162.58
17641.71
18192.83
18306.58
18453.76
19047.92
19134.57
193.27
19415.52
20039.31
20101.29
20303.81
20594.31
20663.85
20664.60
20874.93
21016.35
21541.98
21728.63
21893.91
21911.95
21992.20
22218.21
22366.48
22535.70
23198.10
23495.24
23518.38
23579.96
2361.91
2382.59
24078.58
24413.92
24451.48
25200.49
25336.01
25445.49
25588.11
25791.20
25939.47
26076.94
26386.68
26509.93
26530.12
26548.53
26665.13
26986.33
27035.92
27424.72
27981.68
28719.30
28741.88
2876.00
29168.98
29288.86
29378.46
29390.62
29548.72
29733.20
29993.49
30109.53
31383.82
3296.84
33202.98
33645.37
33702.38
33729.73
33762.25
34116.04
342.78
34992.40
3567.79
35806.74
36420.03
36547.91
36548.79
36640.82
36826.02
36953.58
37169.16
37585.10
37681.18
38399.94
38669.39
38958.75
39321.17
39353.59
39411.42
39455.29
39558.38
4041.90
40633.94
40807.38
41227.88
4172.33
41772.92
41966.23
42106.27
42628.42
42705.94
42760.12
42997.29
43275.18
43728.90
43765.88
44064.75
44116.14
44431.55
44638.36
44968.17
45460.17
45658.29
45681.26
46052.90
46083.58
46562.46
4658.00
46920.71
46965.98
47817.41
48014.67
48843.61
49057.59
49252.78
49660.43
50116.72
51377.37
5250.27
52720.32
53028.90
54018.09
54797.72
54867.11
55013.87
5514.99
55247.06
55570.16
55769.81
56317.21
56491.30
56629.16
56825.75
57375.79
57409.08
57432.64
57668.80
58723.47
58798.33
59406.17
60453.52
60490.33
61096.11
61101.46
61141.08
61311.08
61523.77
61532.81
61649.57
62179.51
6327.65
63819.65
63972.27
64114.42
64189.29
64318.00
6472.14
6484.04
64988.58
656.27
65619.73
6602.98
66101.57
66832.05
66991.53
67454.38
67629.38
6806.88
6813.59
68373.69
68795.95
6888.91
69062.81
69655.83
69778.51
70152.53
70379.17
70972.54
7147.42
71559.17
7270.85
72715.38
74268.40
75181.02
75718.78
76738.82
76876.37
7698.07
76983.85
76986.09
77697.99
77829.37
77883.87
78024.73
78876.18
79052.20
79488.14
79979.86
80238.56
8034.78
8045.18
80711.57
80716.22
81335.03
81838.55
82064.31
82336.90
82806.94
83617.75
83808.26
83856.46
84195.73
84265.85
84284.66
85089.32
85590.95
8563.87
86351.19
86379.08
8681.80
872.34
87435.12
87511.63
87773.69
88223.03
88631.84
88687.95
88895.31
89124.29
9003.17
90318.36
90338.19
90365.45
90556.04
91603.64
91636.52
91719.22
91727.46
92313.47
92440.33
92636.99
92667.66
92808.17
92878.74
92901.51
93005.35
93708.77
94178.28
94360.56
94439.28
94917.07
95873.78
95876.98
96020.97
96022.29
9681.94
9687.14
97022.75
97577.45
9775.13
97846.10
97905.97
98161.70
10
30
23
82
74
0.1341
0.0
